$ANSIBLE_VAULT;1.1;AES256
65343865313665376132343163373438333332323138306435336364373666643536616437646130
3661613666306365373464396535643031323062313866380a653230623232356663366664636438
66613335353565353436346261646366303164626236313934633162323137363964383733653462
3064663537333961370a646662303830353538373236313333303463373334663230646665663566
62313964653834393962386537313961356363363530303738316138313466356166393236653836
35653737646163383630626337653439653033383866396334613135616234613438363061383630
66383134663137346236396433663030336338393666666436656365356531393038643037653536
33336130326161393138386461353062356434626139636132643666346637623037353534383232
30613133643931396639313037626436323462623362636166663634343264353236626264666464
34633933386437346165326465633938336433326633663038623831363663396134643635353930
37353462366238346262346264346633303736303363333563613136333465306134383239386235
64353432366563333830363335646634376235393936623966353232656236646330383435366138
65386165623165376663396465363665653734353734663564383037393564626437333736343239
31616562383265313531393339346565303263663138343562663661613234633436656539346135
31323130666537633232663066636634386430653464643135656330613431643964336132316633
36336331373738663235356530663931366234336633623561353235366433393439373162323435
34646264353265653631393535303338333237313663343638343631313466363138333566363136
6435386233663361623663633930333835323762303165663132
